0 1 0 0 150.136723
1 1 0 0 -176.705967
0 2 0 0 -12.042791
1 2 0 0 143.497442
0 3 0 0 -31.251833
1 3 0 0 -41.159711
0 4 0 0 15.877327
1 4 0 0 2.516713
0 5 0 0 2.349085
1 5 0 0 2.079380
0 6 0 0 0.274813
1 6 0 0 0.245704
0 0 1 0 -138.295185
0 1 1 0 -17.864958
1 1 1 0 681.170381
0 2 1 0 -64.457695
1 2 1 0 -202.137846
0 3 1 0 -112.390175
1 3 1 0 -251.838498
0 4 1 0 171.572117
1 4 1 0 147.717687
0 5 1 0 -98.872784
1 5 1 0 3.145574
0 6 1 0 -15.114252
1 6 1 0 -4.197553
0 0 2 0 802.767510
0 1 2 0 -222.981075
1 1 2 0 -2510.041153
0 2 2 0 -393.432405
1 2 2 0 1155.045320
0 3 2 0 774.784886
1 3 2 0 313.989213
0 4 2 0 -472.428149
1 4 2 0 -518.025719
0 5 2 0 -86.425227
1 5 2 0 -58.236976
0 6 2 0 288.580828
1 6 2 0 -49.101822
0 0 3 0 -3359.466414
0 1 3 0 3141.313324
1 1 3 0 -451.171078
0 2 3 0 2681.672213
1 2 3 0 1535.116923
0 3 3 0 -3802.592124
1 3 3 0 -322.375726
0 4 3 0 1654.282616
1 4 3 0 -24.955618
0 5 3 0 607.442478
1 5 3 0 913.559748
0 6 3 0 -804.059274
1 6 3 0 -26.837381
0 0 0 1 1183.431289
0 1 0 1 -1542.961983
1 1 0 1 1999.850763
0 2 0 1 -560.117513
1 2 0 1 -2270.041929
0 3 0 1 709.776395
1 3 0 1 902.405139
0 4 0 1 -298.773595
1 4 0 1 -16.588649
0 5 0 1 45.105286
1 5 0 1 -65.258411
0 6 0 1 -6.733509
1 6 0 1 -5.258241
0 0 1 1 -11119.438223
0 1 1 1 13076.162592
1 1 1 1 -16289.380210
0 2 1 1 5910.509577
1 2 1 1 20239.824175
0 3 1 1 -5522.309720
1 3 1 1 -8118.130017
0 4 1 1 1941.422360
1 4 1 1 -736.954897
0 5 1 1 -386.170809
1 5 1 1 480.279681
0 6 1 1 182.438031
1 6 1 1 402.671221
0 0 2 1 10633.049934
0 1 2 1 -8337.696265
1 1 2 1 5581.704423
0 2 2 1 -12268.891985
1 2 2 1 -12475.480797
0 3 2 1 -4199.114794
1 3 2 1 1144.569689
0 4 2 1 9268.248273
1 4 2 1 1989.348918
0 5 2 1 -5171.470570
1 5 2 1 6716.135576
0 6 2 1 510.215610
1 6 2 1 -4946.841692
0 0 3 1 26362.826115
0 1 3 1 -39106.594424
1 1 3 1 63068.067344
0 2 3 1 7571.276131
1 2 3 1 -67417.293858
0 3 3 1 29282.841725
1 3 3 1 36349.570712
0 4 3 1 -28804.746522
1 4 3 1 4547.454282
0 5 3 1 14720.590586
1 5 3 1 -20534.033909
0 6 3 1 -2701.533567
1 6 3 1 10129.261663
0 0 0 2 6920.134012
0 1 0 2 -15270.891901
1 1 0 2 1441.756148
0 2 0 2 15566.370567
1 2 0 2 2253.821579
0 3 0 2 -6980.666729
1 3 0 2 -858.808763
0 4 0 2 2744.950139
1 4 0 2 -910.022825
0 5 0 2 -976.686109
1 5 0 2 244.294579
0 6 0 2 63.216680
1 6 0 2 46.828820
0 0 1 2 89836.612260
0 1 1 2 -116713.181183
1 1 1 2 113151.400735
0 2 1 2 -16057.416193
1 2 1 2 -132242.641019
0 3 1 2 70585.376048
1 3 1 2 64647.949105
0 4 1 2 -55869.827797
1 4 1 2 -20211.664724
0 5 1 2 13659.335132
1 5 1 2 6434.283178
0 6 1 2 430.292600
1 6 1 2 -853.382934
0 0 2 2 -325013.424253
0 1 2 2 440755.613563
1 1 2 2 -262032.409243
0 2 2 2 24093.974698
1 2 2 2 259855.452959
0 3 2 2 -251373.558741
1 3 2 2 -121810.392916
0 4 2 2 171226.207787
1 4 2 2 62075.894718
0 5 2 2 -19805.883269
1 5 2 2 -17161.972959
0 6 2 2 -7394.395036
1 6 2 2 -4110.883827
0 0 3 2 142146.457598
0 1 3 2 -146857.109024
1 1 3 2 12707.800179
0 2 3 2 -128115.123046
1 2 3 2 9402.609438
0 3 3 2 175456.192500
1 3 3 2 -3065.887885
0 4 3 2 -32502.055147
1 4 3 2 -15220.047060
0 5 3 2 -51339.678716
1 5 3 2 -15333.981375
0 6 3 2 19986.857058
1 6 3 2 18114.934654
0 0 0 3 -96918.037151
0 1 0 3 147491.744179
1 1 0 3 -33984.017488
0 2 0 3 -79374.702834
1 2 0 3 55515.447231
0 3 0 3 32243.833447
1 3 0 3 -44019.541470
0 4 0 3 -16589.633321
1 4 0 3 7140.931808
0 5 0 3 2408.076305
1 5 0 3 2099.645749
0 6 0 3 -196.690753
1 6 0 3 -147.537596
0 0 1 3 43470.678828
0 1 1 3 -45064.068729
1 1 1 3 232410.563836
0 2 1 3 98290.889378
1 2 1 3 -316230.760735
0 3 1 3 -80728.126110
1 3 1 3 193604.446011
0 4 1 3 55242.353057
1 4 1 3 -2567.673399
0 5 1 3 -1979.574066
1 5 1 3 -15862.083262
0 6 1 3 3123.457208
1 6 1 3 -552.935613
0 0 2 3 141379.979424
0 1 2 3 -227530.712474
1 1 2 3 -154884.705923
0 2 2 3 -29383.192621
1 2 2 3 94002.803972
0 3 2 3 -55732.833217
1 3 2 3 40095.112159
0 4 2 3 55866.831708
1 4 2 3 -97711.410340
0 5 2 3 -15556.965477
1 5 2 3 20464.744103
0 6 2 3 -17022.499200
1 6 2 3 -555.504845
0 0 3 3 301614.706628
0 1 3 3 -364977.530551
1 1 3 3 232417.682140
0 2 3 3 26200.709584
1 2 3 3 -265072.953239
0 3 3 3 249130.986884
1 3 3 3 176474.624518
0 4 3 3 -114427.743980
1 4 3 3 -48250.348746
0 5 3 3 -30112.756596
1 5 3 3 -31833.439733
0 6 3 3 25610.580766
1 6 3 3 31604.909653
